-512    68.979
-511    47.505
-510    46.488
-509    46.499
-508    43.602
-507    41.030
-506    40.708
-505    42.195
-504    44.355
-503    46.145
-502    45.634
-501    42.372
-500    42.477
-499    45.478
-498    45.612
-497    41.855
-496    39.597
-495    42.642
-494    49.524
-493    52.265
-492    46.197
-491    39.712
-490    40.192
-489    48.850
-488    56.846
-487    51.744
-486    44.331
-485    44.162
-484    51.868
-483    67.018
-482    67.668
-481    52.293
-480    46.129
-479    66.116
-478    111.885
-477    130.223
-476    93.052
-475    53.321
-474    42.741
-473    46.195
-472    50.577
-471    50.127
-470    47.715
-469    50.004
-468    61.560
-467    76.244
-466    71.923
-465    54.642
-464    44.664
-463    45.714
-462    52.970
-461    56.846
-460    54.473
-459    68.108
-458    129.983
-457    231.032
-456    291.935
-455    231.490
-454    119.278
-453    64.471
-452    56.718
-451    62.096
-450    61.306
-449    54.114
-448    54.377
-447    56.215
-446    65.315
-445    70.333
-444    65.244
-443    60.736
-442    61.301
-441    64.066
-440    67.022
-439    66.482
-438    65.266
-437    71.408
-436    87.406
-435    104.995
-434    106.103
-433    92.361
-432    87.387
-431    121.286
-430    434.625
-429    651.519
-428    258.475
-427    166.609
-426    352.053
-425    2634.282
-424    6200.401
-423    2906.238
-422    393.754
-421    167.824
-420    139.750
-419    136.655
-418    126.456
-417    106.274
-416    92.736
-415    92.755
-414    100.650
-413    103.958
-412    99.119
-411    94.924
-410    95.243
-409    99.017
-408    100.010
-407    94.333
-406    86.064
-405    85.490
-404    93.120
-403    103.196
-402    102.859
-401    95.902
-400    100.084
-399    110.960
-398    121.109
-397    122.534
-396    111.795
-395    99.999
-394    94.874
-393    96.791
-392    99.833
-391    98.816
-390    98.518
-389    102.833
-388    113.250
-387    125.834
-386    123.265
-385    110.618
-384    107.408
-383    103.208
-382    100.844
-381    102.298
-380    106.915
-379    109.634
-378    112.574
-377    119.961
-376    123.936
-375    119.618
-374    114.378
-373    112.787
-372    116.481
-371    118.239
-370    117.002
-369    113.787
-368    121.481
-367    161.051
-366    218.685
-365    221.229
-364    162.210
-363    122.569
-362    112.534
-361    111.614
-360    112.295
-359    113.921
-358    116.316
-357    123.671
-356    126.872
-355    132.147
-354    141.659
-353    165.666
-352    189.890
-351    177.001
-350    140.965
-349    119.625
-348    114.184
-347    113.623
-346    114.595
-345    116.814
-344    119.161
-343    120.819
-342    122.960
-341    126.170
-340    127.045
-339    124.357
-338    123.669
-337    122.864
-336    120.245
-335    120.486
-334    122.991
-333    126.267
-332    132.823
-331    141.396
-330    140.894
-329    132.654
-328    128.419
-327    125.662
-326    124.424
-325    131.834
-324    161.173
-323    204.679
-322    208.042
-321    174.156
-320    141.500
-319    127.910
-318    125.201
-317    125.397
-316    127.057
-315    129.360
-314    129.023
-313    125.795
-312    123.742
-311    143.480
-310    124.239
-309    125.232
-308    125.594
-307    125.035
-306    123.934
-305    123.146
-304    123.212
-303    123.853
-302    125.114
-301    125.658
-300    124.698
-299    124.386
-298    125.560
-297    129.166
-296    140.181
-295    173.860
-294    235.429
-293    257.675
-292    201.268
-291    147.747
-290    129.005
-289    125.068
-288    125.112
-287    129.247
-286    137.219
-285    140.625
-284    134.464
-283    128.469
-282    125.994
-281    124.371
-280    125.479
-279    134.672
-278    143.227
-277    134.211
-276    127.371
-275    128.258
-274    129.726
-273    131.240
-272    132.650
-271    132.000
-270    130.351
-269    128.347
-268    126.071
-267    126.673
-266    138.275
-265    166.519
-264    180.941
-263    162.199
-262    135.640
-261    125.020
-260    122.759
-259    122.682
-258    125.699
-257    130.387
-256    127.823
-255    124.605
-254    125.399
-253    142.935
-252    185.488
-251    278.819
-250    301.993
-249    222.414
-248    148.716
-247    126.212
-246    122.470
-245    121.572
-244    121.416
-243    122.217
-242    125.888
-241    134.933
-240    141.830
-239    139.391
-238    133.606
-237    131.263
-236    130.968
-235    131.900
-234    134.822
-233    136.542
-232    138.918
-231    149.828
-230    173.154
-229    183.706
-228    159.619
-227    138.968
-226    132.258
-225    134.071
-224    140.171
-223    147.285
-222    164.015
-221    242.961
-220    1494.124
-219    865.054
-218    227.825
-217    161.719
-216    143.477
-215    145.323
-214    164.464
-213    178.937
-212    162.810
-211    140.258
-210    131.786
-209    130.183
-208    129.433
-207    129.889
-206    131.799
-205    134.012
-204    140.119
-203    149.411
-202    151.542
-201    145.780
-200    145.057
-199    153.368
-198    165.763
-197    182.662
-196    218.619
-195    308.135
-194    705.581
-193    4684.290
-192    12045.354
-191    7962.166
-190    1079.694
-189    348.710
-188    231.764
-187    188.866
-186    170.246
-185    152.654
-184    146.120
-183    148.811
-182    156.614
-181    154.706
-180    145.290
-179    137.289
-178    132.500
-177    129.554
-176    132.292
-175    138.825
-174    146.010
-173    152.578
-172    185.200
-171    293.048
-170    279.136
-169    158.959
-168    129.835
-167    126.630
-166    130.101
-165    131.920
-164    129.568
-163    129.046
-162    138.405
-161    149.025
-160    141.888
-159    131.231
-158    126.140
-157    129.541
-156    147.012
-155    171.778
-154    174.598
-153    146.471
-152    131.276
-151    129.726
-150    132.931
-149    135.156
-148    133.710
-147    131.002
-146    132.293
-145    139.684
-144    145.035
-143    139.911
-142    131.639
-141    128.825
-140    129.892
-139    131.375
-138    132.132
-137    134.051
-136    147.426
-135    202.201
-134    293.812
-133    308.094
-132    224.444
-131    157.778
-130    138.976
-129    138.116
-128    167.504
-127    136.615
-126    134.469
-125    133.367
-124    134.362
-123    135.547
-122    135.214
-121    133.732
-120    134.976
-119    142.674
-118    147.153
-117    139.266
-116    133.518
-115    133.806
-114    138.021
-113    141.925
-112    144.202
-111    141.615
-110    136.350
-109    133.006
-108    131.903
-107    131.742
-106    131.718
-105    131.384
-104    131.337
-103    132.168
-102    133.828
-101    134.517
-100    133.070
-99    131.495
-98    131.595
-97    132.699
-96    132.982
-95    132.540
-94    133.996
-93    144.974
-92    187.269
-91    258.343
-90    264.959
-89    197.094
-88    149.932
-87    141.250
-86    132.685
-85    132.174
-84    131.634
-83    133.584
-82    136.624
-81    135.651
-80    136.078
-79    134.850
-78    135.231
-77    136.136
-76    136.394
-75    137.083
-74    139.324
-73    140.608
-72    141.353
-71    143.485
-70    145.789
-69    144.811
-68    139.664
-67    136.281
-66    133.007
-65    134.308
-64    137.105
-63    140.140
-62    140.974
-61    139.712
-60    142.350
-59    141.340
-58    136.313
-57    134.192
-56    134.704
-55    140.427
-54    153.834
-53    164.101
-52    153.271
-51    140.531
-50    136.241
-49    135.543
-48    135.574
-47    135.982
-46    136.478
-45    136.983
-44    139.624
-43    142.880
-42    142.442
-41    139.076
-40    137.062
-39    136.840
-38    137.209
-37    141.765
-36    138.923
-35    142.067
-34    158.447
-33    200.501
-32    230.079
-31    203.547
-30    160.776
-29    142.751
-28    140.030
-27    140.145
-26    140.215
-25    140.177
-24    139.699
-23    140.200
-22    141.215
-21    141.173
-20    140.770
-19    140.229
-18    140.037
-17    140.745
-16    141.817
-15    142.573
-14    142.701
-13    143.626
-12    146.210
-11    149.183
-10    147.909
-9    143.758
-8    141.482
-7    141.802
-6    144.287
-5    145.628
-4    147.125
-3    145.621
-2    144.520
-1    148.212
0    153.379
1    148.587
2    144.452
3    144.058
4    147.594
5    151.516
6    151.046
7    147.146
8    144.173
9    149.644
10    145.531
11    146.302
12    145.247
13    144.290
14    144.557
15    145.581
16    146.119
17    145.439
18    144.639
19    143.896
20    144.821
21    145.666
22    145.403
23    144.951
24    147.233
25    151.465
26    155.632
27    155.735
28    151.274
29    146.793
30    145.164
31    145.289
32    144.981
33    144.523
34    144.474
35    143.546
36    145.376
37    148.251
38    148.619
39    146.047
40    144.437
41    143.812
42    143.201
43    142.827
44    142.788
45    142.918
46    143.429
47    144.696
48    144.933
49    144.172
50    143.291
51    142.867
52    142.932
53    143.053
54    142.995
55    144.257
56    142.784
57    145.396
58    150.830
59    151.608
60    146.510
61    142.894
62    142.061
63    141.300
64    141.105
65    143.663
66    141.054
67    142.117
68    144.432
69    145.657
70    144.323
71    142.661
72    141.690
73    140.836
74    141.226
75    141.060
76    144.406
77    140.523
78    140.875
79    141.395
80    141.263
81    141.558
82    141.962
83    142.182
84    142.539
85    143.029
86    143.015
87    143.061
88    145.505
89    145.042
90    144.686
91    144.411
92    144.055
93    143.328
94    144.857
95    148.029
96    149.173
97    146.775
98    144.150
99    142.031
100    140.945
101    140.645
102    142.435
103    139.775
104    138.677
105    141.242
106    138.245
107    137.561
108    137.166
109    137.135
110    136.982
111    143.499
112    193.597
113    137.659
114    133.745
115    132.745
116    132.038
117    131.561
118    132.149
119    131.468
120    130.343
121    130.530
122    129.887
123    129.031
124    128.091
125    128.709
126    128.312
127    129.012
128    129.506
129    128.488
130    127.451
131    127.219
132    128.121
133    128.229
134    126.495
135    126.661
136    125.905
137    127.849
138    133.216
139    136.759
140    134.579
141    132.655
142    130.682
143    127.064
144    124.703
145    124.406
146    124.048
147    124.160
148    125.067
149    125.587
150    124.991
151    124.398
152    124.499
153    124.335
154    124.609
155    124.488
156    124.041
157    124.071
158    126.018
159    129.269
160    130.711
161    128.719
162    125.832
163    124.627
164    124.344
165    124.566
166    124.404
167    124.209
168    126.270
169    127.959
170    132.496
171    183.652
172    133.377
173    126.485
174    125.991
175    127.310
176    128.310
177    127.249
178    125.563
179    125.102
180    125.108
181    125.544
182    125.162
183    125.093
184    125.904
185    132.199
186    172.043
187    194.948
188    140.130
189    132.010
190    142.927
191    140.028
192    160.966
193    143.165
194    139.704
195    160.492
196    358.078
197    1170.076
198    1075.554
199    274.987
200    159.896
201    144.351
202    137.080
203    133.168
204    131.020
205    129.841
206    128.834
207    129.733
208    129.743
209    128.539
210    127.936
211    128.093
212    128.337
213    128.250
214    128.371
215    128.072
216    128.631
217    130.752
218    133.355
219    133.325
220    131.214
221    130.931
222    131.186
223    132.640
224    132.346
225    131.174
226    130.360
227    130.988
228    133.386
229    133.769
230    133.205
231    135.573
232    139.389
233    139.354
234    137.364
235    135.142
236    133.410
237    134.362
238    135.986
239    134.989
240    135.248
241    137.881
242    142.735
243    146.672
244    143.503
245    138.778
246    136.620
247    135.460
248    135.754
249    135.677
250    135.942
251    136.336
252    138.005
253    141.864
254    143.978
255    148.230
256    149.411
257    145.570
258    141.925
259    148.391
260    166.341
261    167.949
262    150.923
263    143.921
264    142.813
265    141.496
266    140.553
267    140.548
268    143.776
269    142.087
270    143.706
271    144.827
272    144.124
273    142.862
274    144.052
275    144.714
276    143.475
277    143.369
278    143.621
279    145.116
280    148.935
281    155.728
282    154.762
283    159.268
284    145.797
285    144.574
286    144.837
287    145.758
288    147.688
289    151.702
290    161.086
291    165.702
292    157.934
293    150.888
294    149.697
295    158.655
296    151.768
297    156.234
298    163.379
299    175.263
300    277.321
301    823.125
302    717.436
303    221.274
304    162.744
305    154.595
306    151.790
307    150.695
308    150.935
309    150.077
310    149.308
311    149.621
312    150.429
313    150.250
314    149.603
315    149.033
316    149.213
317    156.980
318    187.199
319    212.467
320    183.929
321    156.983
322    151.291
323    150.400
324    148.883
325    147.601
326    146.828
327    146.724
328    147.642
329    171.774
330    147.200
331    146.404
332    149.995
333    161.554
334    164.745
335    152.889
336    145.505
337    144.422
338    144.869
339    145.893
340    145.885
341    144.657
342    142.144
343    141.792
344    141.806
345    141.437
346    140.210
347    139.792
348    141.348
349    150.276
350    153.552
351    140.323
352    137.485
353    137.391
354    139.826
355    142.312
356    141.274
357    141.076
358    141.564
359    145.081
360    155.195
361    184.884
362    207.336
363    170.872
364    139.465
365    133.063
366    131.802
367    130.836
368    131.065
369    130.375
370    130.104
371    132.620
372    135.188
373    133.619
374    129.256
375    128.459
376    127.084
377    127.612
378    127.196
379    125.736
380    124.840
381    126.619
382    135.463
383    146.560
384    134.112
385    123.874
386    123.234
387    127.967
388    124.779
389    124.602
390    129.847
391    186.521
392    1696.364
393    232.892
394    134.594
395    122.093
396    119.125
397    125.267
398    127.703
399    128.205
400    123.528
401    117.483
402    117.718
403    118.310
404    116.627
405    115.876
406    124.400
407    232.787
408    451.476
409    273.908
410    132.036
411    117.001
412    114.553
413    127.617
414    125.163
415    119.891
416    125.997
417    143.062
418    187.245
419    362.811
420    3385.150
421    1497.842
422    295.957
423    169.283
424    133.079
425    118.036
426    109.694
427    105.409
428    104.810
429    106.728
430    107.512
431    104.701
432    99.680
433    95.783
434    94.718
435    93.478
436    91.302
437    89.164
438    88.150
439    88.538
440    90.462
441    93.623
442    92.158
443    86.774
444    86.248
445    89.193
446    88.837
447    85.024
448    83.109
449    90.051
450    140.380
451    174.415
452    110.376
453    84.048
454    79.970
455    78.367
456    80.386
457    83.428
458    82.796
459    74.966
460    72.180
461    72.421
462    71.880
463    71.101
464    74.214
465    84.965
466    99.319
467    100.382
468    86.330
469    71.599
470    65.387
471    64.421
472    64.611
473    63.534
474    61.927
475    60.961
476    61.822
477    66.278
478    76.426
479    80.506
480    67.837
481    59.077
482    57.465
483    57.285
484    55.960
485    55.918
486    59.824
487    72.428
488    87.357
489    83.743
490    65.714
491    54.943
492    54.039
493    55.800
494    55.619
495    53.276
496    51.902
497    57.123
498    67.324
499    71.507
500    62.144
501    52.395
502    48.712
503    48.298
504    48.415
505    48.105
506    49.974
507    67.230
508    131.747
509    225.737
510    223.566
511    128.245
