0    -0.4745664597
1    -0.6520093679
2    -0.7884703875
3    -0.8928870559
4    -0.9728889465
5    -1.0361057520
6    -1.0831912756
7    -1.1100039482
8    -1.1045541763
9    -1.0620464087
10    -0.9844423532
11    -0.8850394487
12    -0.7740831375
13    -0.6666146517
14    -0.5748413205
15    -0.4937494695
16    -0.4100417495
17    -0.3019192815
18    -0.1486731321
19    0.0666998476
20    0.3450716138
21    0.6733627915
22    1.0249788761
23    1.3700551987
24    1.6887549162
25    1.9627668858
26    2.1975407600
27    2.4004883766
28    2.5729176998
29    2.7124304771
30    2.8026778698
31    2.8260025978
32    2.7647478580
33    2.6195671558
34    2.4052841663
35    2.1548149586
36    1.9052177668
37    1.6887549162
38    1.5324568748
39    1.4417735338
40    1.4103831053
41    1.4291301966
42    1.4816654921
43    1.5605773926
44    1.6486449242
45    1.7378023863
46    1.8149703741
47    1.8561702967
48    1.8443988562
49    1.7587293386
50    1.5961096287
51    1.3582837582
52    1.0687946081
53    0.7651361227
54    0.4804426730
55    0.2465406507
56    0.0754194036
57    -0.0364088751
58    -0.1076912284
59    -0.1619704515
60    -0.2166856527
61    -0.2812103629
62    -0.3474789560
63    -0.4063359499
64    -0.4394702613
65    -0.4409961700
66    -0.4091697931
67    -0.3483509123
68    -0.2613733709
69    -0.1495450884
70    0.0006492300
71    0.2016349435
72    0.4721591175
73    0.8174534440
74    1.2240025997
75    1.6615062952
76    2.0885465145
77    2.4525878429
78    2.7154822350
79    2.8573930264
80    2.8848598003
81    2.8137953281
82    2.6830019951
83    2.5282299519
84    2.3817415237
85    2.2688231468
86    2.2088763714
87    2.2051703930
88    2.2537820339
89    2.3329119682
90    2.4194533825
91    2.4776566029
92    2.4798364639
93    2.4166195393
94    2.2890961170
95    2.1107811928
96    1.9156812429
97    1.7275569439
98    1.5695149899
99    1.4500570297
100    1.3617715836
101    1.2907072306
102    1.2172449827
103    1.1304854155
104    1.0275946856
105    0.9100987315
106    0.7932567000
107    0.6823003888
108    0.5946688652
109    0.5284002423
110    0.4889442623
111    0.4760829210
112    0.4911241531
113    0.5392996669
114    0.6280211210
115    0.7605583668
116    0.9353854060
117    1.1448726654
118    1.3680932522
119    1.5764906406
120    1.7521896362
121    1.8709934950
122    1.9291965961
123    1.9457637072
124    1.9420579672
125    1.9549192190
126    2.0203158855
127    2.1687662601
128    2.4179275036
129    2.7667098045
130    3.2015974522
131    3.6885845661
132    4.1766614914
133    4.6100234985
134    4.9304671288
135    5.0837130547
136    5.0407695770
137    4.7839784622
138    4.3325238228
139    3.7230267525
140    3.0171790123
141    2.2845184803
142    1.6000334024
143    1.0145153999
144    0.5630604625
145    0.2465406507
146    0.0440290123
147    -0.0739029571
148    -0.1443133503
149    -0.1964126825
150    -0.2437162697
151    -0.3014833033
152    -0.3673159480
153    -0.4440480173
154    -0.5332054496
155    -0.6267226934
156    -0.7126103044
157    -0.7786608934
158    -0.8135391474
159    -0.8139750957
160    -0.7906503081
161    -0.7618757486
162    -0.7531561852
163    -0.7875984311
164    -0.8695622683
165    -0.9957777858
166    -1.1420483589
167    -1.2776373625
168    -1.3694106340
169    -1.3868497610
170    -1.3247230053
171    -1.1782344580
172    -0.9768127799
173    -0.7514122725
174    -0.5364753008
175    -0.3708037734
176    -0.2685669959
177    -0.2389205098
178    -0.2646431923
179    -0.3202303648
180    -0.3725476861
181    -0.3965264559
182    -0.3784333766
183    -0.3152166009
184    -0.2145057619
185    -0.0843664184
186    0.0671358258
187    0.2341152877
188    0.4135200977
189    0.6036064029
190    0.7956545353
191    0.9698276520
192    1.1095584631
193    1.1995879412
194    1.2344660759
195    1.2128852606
196    1.1562081575
197    1.0860157013
198    1.0245428085
199    0.9883567095
200    0.9789831638
201    0.9833429456
202    0.9772392511
203    0.9419250488
204    0.8588713408
205    0.7182685137
206    0.5362478495
207    0.3343901634
208    0.1432139426
209    -0.0137380343
210    -0.1124869809
211    -0.1563027352
212    -0.1597905606
213    -0.1421334594
214    -0.1277461946
215    -0.1318879873
216    -0.1549948007
217    -0.1846412867
218    -0.2075301260
219    -0.2123258710
220    -0.2077481151
221    -0.2012084424
222    -0.2249692231
223    -0.2988674343
224    -0.4270448983
225    -0.6014359593
226    -0.7902143002
227    -0.9598096609
228    -1.0810114145
229    -1.1365985870
230    -1.1243911982
231    -1.0515829325
232    -0.9340869784
233    -0.7854185700
234    -0.6040518284
235    -0.3869349360
236    -0.1360297799
237    0.1449578404
238    0.4505782127
239    0.7607763410
240    1.0655246973
241    1.3497822285
242    1.6115868092
243    1.8404750824
244    2.0320873260
245    2.1801016331
246    2.2762348652
247    2.3148188591
248    2.3013036251
249    2.2448444366
250    2.1583027840
251    2.0536682606
252    1.9396600723
253    1.8204201460
254    1.6944226027
255    1.5727847815
256    1.4611744881
257    1.3733249903
258    1.3203537464
259    1.3057484627
260    1.3310351372
261    1.3981757164
262    1.4953987598
263    1.6037392616
264    1.7051039934
265    1.7639610767
266    1.7452139854
267    1.6211783886
268    1.3818265200
269    1.0343523026
270    0.6188656092
271    0.1837598681
272    -0.2221353799
273    -0.5580561757
274    -0.8039476275
275    -0.9497821331
276    -0.9966497421
277    -0.9510900974
278    -0.8198608160
279    -0.6162592173
280    -0.3470429778
281    -0.0368448533
282    0.2923183143
283    0.6114540100
284    0.8974553347
285    1.1228557825
286    1.2695623636
287    1.3308172226
288    1.3070564270
289    1.2141931057
290    1.0679225922
291    0.8891717792
292    0.7012653947
293    0.5131410360
294    0.3383139670
295    0.1765662283
296    0.0357454345
297    -0.0778267533
298    -0.1615344733
299    -0.2051322460
300    -0.2053502351
301    -0.1634963751
302    -0.0795706660
303    0.0442470014
304    0.2011989653
305    0.3958630264
306    0.6234433651
307    0.8693348169
308    1.1174061298
309    1.3377928734
310    1.4903850555
311    1.5470621586
312    1.4855892658
313    1.3057484627
314    1.0352243185
315    0.7108569145
316    0.3790778816
317    0.0673538148
318    -0.2053502351
319    -0.4436120391
320    -0.6666146517
321    -0.8876553178
322    -1.1161075830
323    -1.3454319239
324    -1.5594969988
325    -1.7406456470
326    -1.8727469444
327    -1.9479531050
328    -1.9638662338
329    -1.9329118729
330    -1.8651173115
331    -1.7694202662
332    -1.6586818695
333    -1.5368261337
334    -1.4016730785
335    -1.2510427237
336    -1.0934368372
337    -0.9414985776
338    -0.8183348775
339    -0.7487964034
340    -0.7540281415
341    -0.8386078477
342    -0.9872762561
343    -1.1651551723
344    -1.3229790926
345    -1.4145343304
346    -1.3988392353
347    -1.2621601820
348    -1.0101650953
349    -0.6648707390
350    -0.2670410872
351    0.1423419863
352    0.5266563296
353    0.8612691760
354    1.1235097647
355    1.3088003397
356    1.4031895399
357    1.4106011391
358    1.3345229626
359    1.1897784472
360    1.0014359951
361    0.8032841682
362    0.6280211210
363    0.4991897345
364    0.4366269410
365    0.4316131771
366    0.4643115103
367    0.5044214725
368    0.5146669149
369    0.4732490480
370    0.3760260344
371    0.2352052331
372    0.0863188505
373    -0.0335750207
374    -0.0952658653
375    -0.0813145787
376    -0.0006587031
377    0.1172732636
378    0.2402189672
379    0.3391859233
380    0.3967349529
381    0.4106862545
382    0.3956450224
383    0.3683964312
384    0.3370060325
385    0.3003838956
386    0.2556961775
387    0.1953132749
388    0.1146573946
389    0.0202682260
390    -0.0743389353
391    -0.1597905606
392    -0.2219173908
393    -0.2541797459
394    -0.2642072141
395    -0.2524358332
396    -0.2302009612
397    -0.2086200714
398    -0.2103639692
399    -0.2478580624
400    -0.3370155096
401    -0.4750024378
402    -0.6456876993
403    -0.8041656017
404    -0.9173018336
405    -0.9506540895
406    -0.8863474131
407    -0.7398588657
408    -0.5377832055
409    -0.3139086664
410    -0.1015875414
411    0.0817410797
412    0.2312814295
413    0.3350441158
414    0.3812577724
415    0.3555350900
416    0.2382570803
417    0.0265899021
418    -0.2624633014
419    -0.5911905169
420    -0.9105441570
421    -1.1616673470
422    -1.2981283665
423    -1.2948584557
424    -1.1507679224
425    -0.8917971253
426    -0.5628519654
427    -0.2149417400
428    0.0993981808
429    0.3367880285
430    0.4673633575
431    0.4752109647
432    0.3690503836
433    0.1560752839
434    -0.1316699982
435    -0.4558194280
436    -0.7751730680
437    -1.0509289503
438    -1.2512607574
439    -1.3637429476
440    -1.3936074972
441    -1.3563313484
442    -1.2865749598
443    -1.2102788687
444    -1.1623213291
445    -1.1621032953
446    -1.2183444500
447    -1.3238509893
448    -1.4712114334
449    -1.6351391077
450    -1.7872953415
451    -1.9102410078
452    -1.9841392040
453    -1.9963465929
454    -1.9416314363
455    -1.8073502779
456    -1.5850017071
457    -1.2693537474
458    -0.8593167663
459    -0.3716757298
460    0.1610890180
461    0.6899299622
462    1.1629657745
463    1.5318028927
464    1.7744244337
465    1.8829829693
466    1.8788411617
467    1.7877217531
468    1.6399253607
469    1.4563788176
470    1.2418776751
471    1.0001281500
472    0.7250261903
473    0.4067624509
474    0.0457729213
475    -0.3461710215
476    -0.7610037923
477    -1.1679890156
478    -1.5403139591
479    -1.8435363770
480    -2.0521516800
481    -2.1452329159
482    -2.1203823090
483    -1.9865370989
484    -1.7663683891
485    -1.4851627350
486    -1.1756186485
487    -0.8558289409
488    -0.5460668206
489    -0.2546157241
490    0.0058809621
491    0.2288835496
492    0.3982608914
493    0.4959198833
494    0.5048574209
495    0.4115582108
496    0.2208179682
497    -0.0510141253
498    -0.3688418567
499    -0.6818738580
500    -0.9508721232
501    -1.1365985870
502    -1.2272819281
503    -1.2303338051
504    -1.1675530672
505    -1.0692400932
506    -0.9656953216
507    -0.8649845123
508    -0.7716852427
509    -0.6716283560
510    -0.5521705151
511    -0.4069899023
512    -0.2330348194
513    -0.0442564711
514    0.1480096877
515    0.3313383162
516    0.4963558614
517    0.6519998908
518    0.7971804738
519    0.9395272136
520    1.0696665049
521    1.1841106415
522    1.2713062763
523    1.3179558516
524    1.3229695559
525    1.2852574587
526    1.2183349133
527    1.1232918501
528    1.0108095407
529    0.8826321363
530    0.7402853966
531    0.5811535120
532    0.4143920541
533    0.2491565198
534    0.0980902463
535    -0.0255094320
536    -0.1031134650
537    -0.1207705587
538    -0.0747749135
539    0.0374893472
540    0.2086105943
541    0.4187518358
542    0.6463322043
543    0.8623591661
544    1.0404560566
545    1.1459625959
546    1.1522842646
547    1.0426359177
548    0.8074259758
549    0.4475263655
550    -0.0148279779
551    -0.5419250131
552    -1.0908209085
553    -1.6030946970
554    -2.0214152336
555    -2.3000049591
556    -2.4103074074
557    -2.3512325287
558    -2.1437070370
559    -1.8361247778
560    -1.4781870842
561    -1.1256991625
562    -0.8274903893
563    -0.5996920466
564    -0.4606151879
565    -0.4067719281
566    -0.4255189598
567    -0.5085726976
568    -0.6404559612
569    -0.7989338636
570    -0.9652593732
571    -1.1219933033
572    -1.2499527931
573    -1.3340964317
574    -1.3619990349
575    -1.3332245350
576    -1.2516967058
577    -1.1224293709
578    -0.9515260458
579    -0.7463985682
580    -0.5094446540
581    -0.2472040951
582    0.0294237584
583    0.3058336079
584    0.5602266192
585    0.7764715552
586    0.9441049695
587    1.0655246973
588    1.1616578102
589    1.2475454807
590    1.3417166471
591    1.4404655695
592    1.5355087519
593    1.5965455770
594    1.5908778906
595    1.4958347082
596    1.2992087603
597    1.0049238205
598    0.6319449544
599    0.2070846707
600    -0.2356506884
601    -0.6613829136
602    -1.0443893671
603    -1.3633069992
604    -1.6009148359
605    -1.7474033833
606    -1.7916550636
607    -1.7354139090
608    -1.5778080225
609    -1.3251589537
610    -0.9979577065
611    -0.6204010248
612    -0.2295469940
613    0.1231589615
614    0.3888873756
615    0.5301441550
616    0.5279642344
617    0.3917212188
618    0.1532414258
619    -0.1338498890
620    -0.4189793169
621    -0.6557151675
622    -0.8224766850
623    -0.9094542265
624    -0.9288552403
625    -0.8863474131
626    -0.8028576374
627    -0.6842717528
628    -0.5443229079
629    -0.3888968527
630    -0.2332528085
631    -0.0915600508
632    0.0252819695
633    0.1131314784
634    0.1774381846
635    0.2258317173
636    0.2652876973
637    0.3121553063
638    0.3670884967
639    0.4340110719
640    0.5109611154
641    0.5846413374
642    0.6502559781
643    0.6986495256
644    0.7145627141
645    0.6962516308
646    0.6417544484
647    0.5499811172
648    0.4294332862
649    0.2859966457
650    0.1362382919
651    -0.0128660789
652    -0.1571746916
653    -0.2860060930
654    -0.4006682336
655    -0.4935314953
656    -0.5600180626
657    -0.5975121856
658    -0.5920624733
659    -0.5451948643
660    -0.4551654458
661    -0.3254620731
662    -0.1621884406
663    0.0307316910
664    0.2373851240
665    0.4440385401
666    0.6260592341
667    0.7544546723
668    0.7915127873
669    0.7224103212
670    0.5327600241
671    0.2428348362
672    -0.1109610572
673    -0.4680267870
674    -0.7644916177
675    -0.9506540895
676    -0.9959957600
677    -0.8911431432
678    -0.6624728441
679    -0.3463890254
680    0.0156904608
681    0.3962990046
682    0.7779974341
683    1.1459625959
684    1.4930008650
685    1.7964413166
686    2.0296895504
687    2.1613547802
688    2.1676764488
689    2.0429868698
690    1.8053789139
691    1.4847173691
692    1.1254717112
693    0.7627382278
694    0.4303052425
695    0.1443038881
696    -0.0902521163
697    -0.2857881188
698    -0.4512416422
699    -0.6016539335
700    -0.7461805940
701    -0.8957208991
702    -1.0450432301
703    -1.1913137436
704    -1.3279927969
705    -1.4446167946
706    -1.5244007111
707    -1.5590609312
708    -1.5342102051
709    -1.4513745308
710    -1.3105536699
711    -1.1261351109
712    -0.9179557562
713    -0.7069425583
714    -0.5164203048
715    -0.3585963845
716    -0.2415363789
717    -0.1554307789
718    -0.0841484293
719    -0.0156999342
720    0.0568903536
721    0.1327504665
722    0.1948772967
723    0.2203819901
724    0.1868117005
725    0.0889347121
726    -0.0610416159
727    -0.2500379384
728    -0.4331485927
729    -0.5800730586
730    -0.6565871239
731    -0.6500474811
732    -0.5547863841
733    -0.3851910233
734    -0.1626244187
735    0.0799971744
736    0.3084494770
737    0.5002796650
738    0.6310729980
739    0.6912379265
740    0.6855701804
741    0.6264952421
742    0.5345039368
743    0.4333570898
744    0.3468155265
745    0.2923183143
746    0.2731353045
747    0.2892664671
748    0.3239266872
749    0.3638186455
750    0.3973889351
751    0.4215857089
752    0.4468724132
753    0.4808786511
754    0.5403895974
755    0.6297650337
756    0.7494409084
757    0.8861199617
758    1.0371861458
759    1.1852006912
760    1.3277653456
761    1.4622644186
762    1.5723488331
763    1.6442852020
764    1.6506068707
765    1.5662451982
766    1.3717991114
767    1.0592030287
768    0.6485120654
769    0.1722064465
770    -0.3119467795
771    -0.7494503856
772    -1.0882050991
773    -1.3096817732
774    -1.4134443998
775    -1.4219460487
776    -1.3702826500
777    -1.2904987335
778    -1.1932756901
779    -1.0827553272
780    -0.9428064823
781    -0.7627477050
782    -0.5395271182
783    -0.2805563807
784    -0.0167898778
785    0.2171121538
786    0.3893233538
787    0.4780448079
788    0.4752109647
789    0.4061084986
790    0.2949341834
791    0.1855037808
792    0.1076817513
793    0.0852289051
794    0.1231589615
795    0.2038148344
796    0.2997299433
797    0.3734101653
798    0.3919392228
799    0.3433277011
800    0.2328073531
801    0.0854468942
802    -0.0704151317
803    -0.1968486607
804    -0.2740167081
805    -0.3021372855
806    -0.2925457656
807    -0.2646431923
808    -0.2323808521
809    -0.2060042024
810    -0.1855132431
811    -0.1549948007
812    -0.1020235196
813    -0.0191877559
814    0.0961283445
815    0.2304094732
816    0.3681784272
817    0.4891622365
818    0.5750498176
819    0.6155957580
820    0.6007725596
821    0.5307981372
822    0.4095963240
823    0.2434888035
824    0.0385792889
825    -0.1879111230
826    -0.4139655530
827    -0.6197470427
828    -0.7845466137
829    -0.8952849507
830    -0.9539239407
831    -0.9567577839
832    -0.9207896590
833    -0.8571369052
834    -0.7782249451
835    -0.6936452389
836    -0.6142973304
837    -0.5447588563
838    -0.4941854477
839    -0.4673728347
840    -0.4636670053
841    -0.4745664597
842    -0.4957113862
843    -0.5094446540
844    -0.5077007413
845    -0.4813241065
846    -0.4320586324
847    -0.3620842099
848    -0.2829542756
849    -0.2121078819
850    -0.1630603969
851    -0.1501990557
852    -0.1828973740
853    -0.2631172836
854    -0.3790873587
855    -0.5068287849
856    -0.6158232093
857    -0.6746802330
858    -0.6572411060
859    -0.5515165329
860    -0.3579424322
861    -0.0924320072
862    0.2168941647
863    0.5373377800
864    0.8331486583
865    1.0757702589
866    1.2442755699
867    1.3214436769
868    1.3029146194
869    1.1882524490
870    0.9805091023
871    0.6879680753
872    0.3186949492
873    -0.1048573703
874    -0.5543503761
875    -0.9883661866
876    -1.3665767908
877    -1.6471284628
878    -1.8101841211
879    -1.8507300615
880    -1.7859873772
881    -1.6442946196
882    -1.4672876596
883    -1.2802532911
884    -1.1165436506
885    -0.9840064049
886    -0.8922330737
887    -0.8307602406
888    -0.7915222645
889    -0.7568620443
890    -0.7128282785
891    -0.6387120485
892    -0.5349493623
893    -0.4045920372
894    -0.2700929344
895    -0.1652402878
896    -0.1164107844
897    -0.1517249793
898    -0.2814283371
899    -0.5000711679
900    -0.7734291553
901    -1.0600844622
902    -1.2985643148
903    -1.4481046200
904    -1.4675056934
905    -1.3532794714
906    -1.1283149719
907    -0.8331581354
908    -0.5292816758
909    -0.2700929344
910    -0.0970097706
911    -0.0246374756
912    -0.0366268642
913    -0.0974457487
914    -0.1778836399
915    -0.2421903461
916    -0.2785944939
917    -0.2757606208
918    -0.2371765971
919    -0.1630603969
920    -0.0473083183
921    0.1116055548
922    0.3165150583
923    0.5499811172
924    0.7858450413
925    0.9846509099
926    1.1089044809
927    1.1206759214
928    1.0033979416
929    0.7507488728
930    0.3745000958
931    -0.0850203857
932    -0.5853047967
933    -1.0722918510
934    -1.4951902628
935    -1.8114920855
936    -2.0078999996
937    -2.0772204399
938    -2.0408163071
939    -1.9231023788
940    -1.7508912086
941    -1.5518673658
942    -1.3519716263
943    -1.1671169996
944    -1.0134348869
945    -0.9007346630
946    -0.8231306076
947    -0.7828027010
948    -0.7625297308
949    -0.7627477050
950    -0.7747371197
951    -0.8048195839
952    -0.8617146611
953    -0.9469482899
954    -1.0568146706
955    -1.1671169996
956    -1.2560564280
957    -1.2872289419
958    -1.2405792475
959    -1.1062980890
960    -0.9018245935
961    -0.6537532806
962    -0.3965264559
963    -0.1658942550
964    0.0209221933
965    0.1556393057
966    0.2413089126
967    0.2901384234
968    0.3101933897
969    0.3014738262
970    0.2685575187
971    0.2051227689
972    0.1100796312
973    -0.0119941235
974    -0.1379916817
975    -0.2522178292
976    -0.3291679025
977    -0.3374514878
978    -0.2783764899
979    -0.1532509029
980    0.0237560477
981    0.2195100337
982    0.4021846950
983    0.5475832224
984    0.6382666230
985    0.6639893055
986    0.6238793731
987    0.5214245915
988    0.3629466891
989    0.1647948325
990    -0.0505781509
991    -0.2552696764
992    -0.4268268943
993    -0.5412710309
994    -0.5935883522
995    -0.5944603086
996    -0.5587101579
997    -0.5055208802
998    -0.4536395371
999    -0.4058999717
1000    -0.3594683409
1001    -0.3021372855
1002    -0.2225713581
1003    -0.1120510027
1004    0.0250639804
1005    0.1706805378
1006    0.3021278083
1007    0.3967349529
1008    0.4501422346
1009    0.4638755322
1010    0.4525400996
1011    0.4499242604
1012    0.4721591175
1013    0.5345039368
1014    0.6282390952
1015    0.7306938767
1016    0.8117857575
1017    0.8429581523
1018    0.7995783687
1019    0.6801204681
1020    0.4887262583
1021    0.2522083521
1022    -0.0045825024
1023    -0.2543977201
