0    1.4285823107
1    1.2949626446
2    1.1766222715
3    1.0864439011
4    1.0328162909
5    1.0163385868
6    1.0313183069
7    1.0750592947
8    1.1304844618
9    1.1874077320
10    1.2389382124
11    1.2709949017
12    1.2796832323
13    1.2590111494
14    1.2116749287
15    1.1424683332
16    1.0621767044
17    0.9705004096
18    0.8848159909
19    0.8045243621
20    0.7374148965
21    0.6936739087
22    0.6750989556
23    0.6915767193
24    0.7484999299
25    0.8536580205
26    1.0067514181
27    1.2011891603
28    1.4207928181
29    1.6526799202
30    1.8734819889
31    2.0649237633
32    2.2105271816
33    2.3078958988
34    2.3564302921
35    2.3633210659
36    2.3501389027
37    2.3204789162
38    2.2905192375
39    2.2710454464
40    2.2563652992
41    2.2395880222
42    2.2225110531
43    2.1934502125
44    2.1455149651
45    2.0790047646
46    1.9912230968
47    1.8788746595
48    1.7413603067
49    1.5810765028
50    1.3998210430
51    1.2176668644
52    1.0448001623
53    0.9012937546
54    0.7982328534
55    0.7571882010
56    0.7655768991
57    0.8198037148
58    0.9054881334
59    0.9995611906
60    1.0801523924
61    1.1394723654
62    1.1667356491
63    1.1709299088
64    1.1604441404
65    1.1487598419
66    1.1418691874
67    1.1505573988
68    1.1721283197
69    1.2128733397
70    1.2733917236
71    1.3548817635
72    1.4693273306
73    1.6116353273
74    1.7845020294
75    1.9687534571
76    2.1497092247
77    2.3043007851
78    2.4109568596
79    2.4588921070
80    2.4430134296
81    2.3720092773
82    2.2560658455
83    2.1179521084
84    1.9798384905
85    1.8692876101
86    1.8081700802
87    1.8093684912
88    1.8722835779
89    1.9846320152
90    2.1239440441
91    2.2587621212
92    2.3582279682
93    2.4046652317
94    2.3881874084
95    2.3243734837
96    2.2174179554
97    2.0984783173
98    1.9846320152
99    1.8941540718
100    1.8363320827
101    1.8114656210
102    1.8180568218
103    1.8501135111
104    1.9037411213
105    1.9684538841
106    2.0388588905
107    2.1101627350
108    2.1607942581
109    2.1928510666
110    2.1916527748
111    2.1577982903
112    2.0921869278
113    2.0002110004
114    1.8977491856
115    1.7937895060
116    1.6943237782
117    1.6038458347
118    1.5220562220
119    1.4447604418
120    1.3650679588
121    1.2877722979
122    1.2233592272
123    1.1685332060
124    1.1523549557
125    1.1673347950
126    1.2299503088
127    1.3336104155
128    1.4711248875
129    1.6269146204
130    1.7839028835
131    1.9277088642
132    2.0511422157
133    2.1413204670
134    2.1931507587
135    2.2075312138
136    2.1826648712
137    2.1164541245
138    2.0142920017
139    1.8860650063
140    1.7404614687
141    1.5897648335
142    1.4528495073
143    1.3452947140
144    1.2718937397
145    1.2359422445
146    1.2413349152
147    1.2697964907
148    1.3258209229
149    1.4001207352
150    1.4894002676
151    1.5942587852
152    1.6952224970
153    1.7952874899
154    1.8707855940
155    1.9067370892
156    1.9016439915
157    1.8507126570
158    1.7596355677
159    1.6391980648
160    1.5076755285
161    1.3776509762
162    1.2590111494
163    1.1643388271
164    1.0975289345
165    1.0588811636
166    1.0486948490
167    1.0585815907
168    1.0834479332
169    1.1125087738
170    1.1448651552
171    1.1727274656
172    1.1880068779
173    1.1993914843
174    1.2047842741
175    1.2116749287
176    1.2170677185
177    1.2191648483
178    1.2215616703
179    1.2215616703
180    1.2251567841
181    1.2206628323
182    1.2107762098
183    1.2014887333
184    1.1772214174
185    1.1520553827
186    1.1190998554
187    1.0894398689
188    1.0726625919
189    1.0693669319
190    1.0930351019
191    1.1466627121
192    1.2242579460
193    1.3213269711
194    1.4291814566
195    1.5379347801
196    1.6472871304
197    1.7533440590
198    1.8492146730
199    1.9444861412
200    2.0391583443
201    2.1290371418
202    2.2102274895
203    2.2857258320
204    2.3408513069
205    2.3720092773
206    2.3818960190
207    2.3624222279
208    2.3258714676
209    2.2797338963
210    2.2267053127
211    2.1745758057
212    2.1227457523
213    2.0667212009
214    1.9957170486
215    1.9046399593
216    1.7868988514
217    1.6418944597
218    1.4699264765
219    1.2817803621
220    1.0762577057
221    0.8743301630
222    0.6771961451
223    0.5088233352
224    0.3749040365
225    0.2922156155
226    0.2655515969
227    0.2940131724
228    0.3719080687
229    0.4767665863
230    0.5915117860
231    0.7020626068
232    0.8009291887
233    0.8812208772
234    0.9504274726
235    1.0121442080
236    1.0630754232
237    1.1071161032
238    1.1352781057
239    1.1511566639
240    1.1538529396
241    1.1562497616
242    1.1706303358
243    1.2065818310
244    1.2826792002
245    1.3917319775
246    1.5325419903
247    1.6871334314
248    1.8453199863
249    1.9906239510
250    2.1071667671
251    2.1937499046
252    2.2386891842
253    2.2410860062
254    2.2030372620
255    2.1302354336
256    2.0373609066
257    1.9423890114
258    1.8567045927
259    1.8006801605
260    1.7836033106
261    1.8063725233
262    1.8600001335
263    1.9232149124
264    1.9735469818
265    1.9828344584
266    1.9256116152
267    1.7943886518
268    1.5894652605
269    1.3258209229
270    1.0289216042
271    0.7317225933
272    0.4504021704
273    0.2161182910
274    0.0378588177
275    -0.0747891888
276    -0.1281172335
277    -0.1260200590
278    -0.0783843324
279    0.0081988368
280    0.1205472425
281    0.2502722144
282    0.3934789598
283    0.5402808785
284    0.6810908914
285    0.8162086010
286    0.9354476929
287    1.0367110968
288    1.1179014444
289    1.1799178123
290    1.2203632593
291    1.2401365042
292    1.2431324720
293    1.2227599621
294    1.1859097481
295    1.1301848888
296    1.0579823256
297    0.9722979665
298    0.8815204501
299    0.7892449498
300    0.7137468457
301    0.6532284617
302    0.6331555843
303    0.6475361586
304    0.7053581476
305    0.7913421392
306    0.9027917385
307    1.0220308304
308    1.1274886131
309    1.2134724855
310    1.2653026581
311    1.2706953287
312    1.2395373583
313    1.1670352221
314    1.0741605759
315    0.9681036472
316    0.8725326061
317    0.7874473929
318    0.7197387218
319    0.6718034148
320    0.6313580275
321    0.5966048837
322    0.5546615124
323    0.5022322536
324    0.4426126778
325    0.3719080687
326    0.2919160128
327    0.2053328454
328    0.1094622016
329    0.0025065178
330    -0.1119390577
331    -0.2257854491
332    -0.3312431574
333    -0.4103364348
334    -0.4540773928
335    -0.4558749795
336    -0.4094376266
337    -0.3291459680
338    -0.2254858464
339    -0.1191293597
340    -0.0304490142
341    0.0174863059
342    0.0180854965
343    -0.0325461850
344    -0.1227245033
345    -0.2386680543
346    -0.3561095893
347    -0.4609681070
348    -0.5382637978
349    -0.5826039910
350    -0.5951870084
351    -0.5784096718
352    -0.5313730836
353    -0.4645632505
354    -0.3776804805
355    -0.2857045829
356    -0.1859392077
357    -0.0954612941
358    -0.0352425463
359    -0.0040845885
360    -0.0046837800
361    -0.0328457803
362    -0.0729916096
363    -0.1137366369
364    -0.1404006481
365    -0.1541820616
366    -0.1562792361
367    -0.1661658883
368    -0.2063117176
369    -0.2898989320
370    -0.4375996292
371    -0.6380292177
372    -0.8681187630
373    -1.0976090431
374    -1.2911479473
375    -1.4163789749
376    -1.4592211246
377    -1.4112858772
378    -1.2899495363
379    -1.1164835691
380    -0.9232443571
381    -0.7312034965
382    -0.5580371022
383    -0.4196238816
384    -0.3144657910
385    -0.2431619912
386    -0.2066113204
387    -0.1994210184
388    -0.2123036385
389    -0.2458583564
390    -0.2910973132
391    -0.3525144458
392    -0.4340044856
393    -0.5349682570
394    -0.6613976359
395    -0.8111955523
396    -0.9765723944
397    -1.1434472799
398    -1.2983381748
399    -1.4178769588
400    -1.4891806841
401    -1.5017637014
402    -1.4547271729
403    -1.3561601639
404    -1.2204433680
405    -1.0649530888
406    -0.9091633558
407    -0.7773412466
408    -0.6799725890
409    -0.6233490109
410    -0.6053732634
411    -0.6227498055
412    -0.6625960469
413    -0.7228147984
414    -0.7938190103
415    -0.8854953051
416    -0.9966453314
417    -1.1284674406
418    -1.2734718323
419    -1.4205733538
420    -1.5479015112
421    -1.6410757303
422    -1.6830191612
423    -1.6680394411
424    -1.5997315645
425    -1.4906786680
426    -1.3681440353
427    -1.2507025003
428    -1.1509370804
429    -1.0886212587
430    -1.0619572401
431    -1.0619572401
432    -1.0940139294
433    -1.1368560791
434    -1.1928805113
435    -1.2530993223
436    -1.3181115389
437    -1.3771319389
438    -1.4280631542
439    -1.4652130604
440    -1.4813911915
441    -1.4906786680
442    -1.4990674257
443    -1.5209379196
444    -1.5718691349
445    -1.6677397490
446    -1.8010598421
447    -1.9700318575
448    -2.1533844471
449    -2.3313443661
450    -2.4895310402
451    -2.6030776501
452    -2.6644947529
453    -2.6650941372
454    -2.5982842445
455    -2.4682595730
456    -2.2810122967
457    -2.0413355827
458    -1.7681043148
459    -1.4897799492
460    -1.2186458111
461    -0.9804671407
462    -0.7914222479
463    -0.6530089974
464    -0.5655270219
465    -0.5175917149
466    -0.4930248559
467    -0.4780450761
468    -0.4627656937
469    -0.4328061044
470    -0.3929598629
471    -0.3483200967
472    -0.3048787117
473    -0.2758179307
474    -0.2701256275
475    -0.2979880273
476    -0.3591055572
477    -0.4492838681
478    -0.5589359403
479    -0.6721830964
480    -0.7761428356
481    -0.8573333025
482    -0.9055681825
483    -0.9223455787
484    -0.9082645774
485    -0.8768070340
486    -0.8372603655
487    -0.8067016006
488    -0.7881266475
489    -0.7875275016
490    -0.8061023951
491    -0.8432523012
492    -0.8959811330
493    -0.9576978683
494    -1.0218113661
495    -1.0883215666
496    -1.1521354914
497    -1.1964756250
498    -1.2147510052
499    -1.1934797764
500    -1.1278682947
501    -1.0215117931
502    -0.8848960996
503    -0.7330010533
504    -0.5999805331
505    -0.5050086975
506    -0.4654620588
507    -0.4927252531
508    -0.5745149255
509    -0.6985475421
510    -0.8465478420
511    -0.9870582223
512    -1.1107913256
513    -1.1880869865
514    -1.2213420868
515    -1.2006700039
516    -1.1356577873
517    -1.0358923674
518    -0.9202483892
519    -0.8058028221
520    -0.7126285434
521    -0.6515110135
522    -0.6293409467
523    -0.6488146186
524    -0.6928552389
525    -0.7572683096
526    -0.8243777752
527    -0.8857948780
528    -0.9415196776
529    -0.9870582223
530    -1.0254064798
531    -1.0595604181
532    -1.0877224207
533    -1.1074957848
534    -1.1062973738
535    -1.0706454515
536    -0.9921513796
537    -0.8630256057
538    -0.6829685569
539    -0.4633648694
540    -0.2263846397
541    0.0084984330
542    0.2119239420
543    0.3674141467
544    0.4632847905
545    0.5049285889
546    0.4947423339
547    0.4483049810
548    0.3799971640
549    0.2880212665
550    0.1813651770
551    0.0594297089
552    -0.0816798881
553    -0.2368704826
554    -0.4049437046
555    -0.5748144984
556    -0.7318026423
557    -0.8732118607
558    -0.9843618870
559    -1.0523700714
560    -1.0790340900
561    -1.0631555319
562    -1.0065319538
563    -0.9274386764
564    -0.8294708729
565    -0.7386933565
566    -0.6607984900
567    -0.6083692312
568    -0.5850007534
569    -0.5906930566
570    -0.6170575023
571    -0.6631952524
572    -0.7186204791
573    -0.7779403925
574    -0.8345640302
575    -0.8860944510
576    -0.9325318336
577    -0.9699813128
578    -0.9960461259
579    -1.0059328079
580    -0.9975441098
581    -0.9556006789
582    -0.8783050179
583    -0.7698513269
584    -0.6344340444
585    -0.4897293150
586    -0.3504172862
587    -0.2368704826
588    -0.1577772051
589    -0.1140362322
590    -0.1026515886
591    -0.1146354228
592    -0.1383034885
593    -0.1667650789
594    -0.1958258748
595    -0.2260850370
596    -0.2623361349
597    -0.3111702204
598    -0.3824740350
599    -0.4759478867
600    -0.5969845653
601    -0.7404909730
602    -0.8953819275
603    -1.0475765467
604    -1.1811963320
605    -1.2803624868
606    -1.3357876539
607    -1.3450751305
608    -1.3112208843
609    -1.2450101376
610    -1.1587265730
611    -1.0694470406
612    -0.9906533957
613    -0.9304346442
614    -0.8980783224
615    -0.8881916404
616    -0.8980783224
617    -0.9088637829
618    -0.9133576751
619    -0.9037706256
620    -0.8693171144
621    -0.8228797913
622    -0.7737460732
623    -0.7309038639
624    -0.7126285434
625    -0.7231143713
626    -0.7644585967
627    -0.8264749050
628    -0.9007746577
629    -0.9720784426
630    -1.0310988426
631    -1.0706454515
632    -1.0886212587
633    -1.0826293230
634    -1.0583620071
635    -1.0203133821
636    -0.9759731889
637    -0.9376249313
638    -0.9067665935
639    -0.8887908459
640    -0.8824993372
641    -0.8854953051
642    -0.8902888298
643    -0.8938839436
644    -0.8938839436
645    -0.8923859596
646    -0.8884912729
647    -0.8926855922
648    -0.9013738632
649    -0.9214468002
650    -0.9624913931
651    -1.0224105120
652    -1.1062973738
653    -1.2024675608
654    -1.3076256514
655    -1.4025975466
656    -1.4831888676
657    -1.5329216719
658    -1.5467031002
659    -1.5290269852
660    -1.4873831272
661    -1.4298607111
662    -1.3621520996
663    -1.2986378670
664    -1.2360223532
665    -1.1820950508
666    -1.1353580952
667    -1.0964107513
668    -1.0739409924
669    -1.0679490566
670    -1.0793337822
671    -1.1128884554
672    -1.1581274271
673    -1.2012691498
674    -1.2360223532
675    -1.2474069595
676    -1.2297308445
677    -1.1904838085
678    -1.1329613924
679    -1.0679490566
680    -0.9999408722
681    -0.9313334227
682    -0.8594304323
683    -0.7758432627
684    -0.6802722216
685    -0.5658265948
686    -0.4393972158
687    -0.3108706474
688    -0.1886355728
689    -0.0810806975
690    0.0028061136
691    0.0747090951
692    0.1274379492
693    0.1678833663
694    0.1963449717
695    0.2176162601
696    0.2298996896
697    0.2316972613
698    0.2310980707
699    0.2260049433
700    0.2248065621
701    0.2322964519
702    0.2409847379
703    0.2592600882
704    0.2877216637
705    0.3218756020
706    0.3614222407
707    0.4072603881
708    0.4548960924
709    0.4950419366
710    0.5321918130
711    0.5489691496
712    0.5429772735
713    0.4980378747
714    0.4120539129
715    0.2808309793
716    0.1154541150
717    -0.0678984821
718    -0.2479555309
719    -0.3950570524
720    -0.4987171590
721    -0.5460532904
722    -0.5409601927
723    -0.4936240315
724    -0.4154295623
725    -0.3174617290
726    -0.2164979726
727    -0.1104410812
728    -0.0004894397
729    0.1001747325
730    0.1948469877
731    0.2703451216
732    0.3284666836
733    0.3608230352
734    0.3764020205
735    0.3728068769
736    0.3647177815
737    0.3533331454
738    0.3518351614
739    0.3563291132
740    0.3701105118
741    0.3850902915
742    0.3943777680
743    0.3976733088
744    0.3904830217
745    0.3784991801
746    0.3590254486
747    0.3350577950
748    0.3128877282
749    0.2856245041
750    0.2574625015
751    0.2212114185
752    0.1801667958
753    0.1340290457
754    0.0890896916
755    0.0429519452
756    0.0058020712
757    -0.0241575036
758    -0.0469267815
759    -0.0595098026
760    -0.0631049499
761    -0.0568134412
762    -0.0487243570
763    -0.0358417369
764    -0.0250562914
765    -0.0220603328
766    -0.0313478038
767    -0.0514207184
768    -0.0909673572
769    -0.1433966160
770    -0.2033157647
771    -0.2611377537
772    -0.3129678071
773    -0.3471217155
774    -0.3564091921
775    -0.3357370794
776    -0.2878017724
777    -0.2114048451
778    -0.1104410812
779    0.0034053051
780    0.1202476472
781    0.2245069742
782    0.3098917603
783    0.3710092902
784    0.4036652148
785    0.4132522941
786    0.4051631987
787    0.3841915131
788    0.3530335426
789    0.3161832690
790    0.2751386464
791    0.2275029272
792    0.1762720495
793    0.1166524962
794    0.0513406247
795    -0.0313478038
796    -0.1230240986
797    -0.2251862586
798    -0.3300447762
799    -0.4355024695
800    -0.5364662409
801    -0.6260453463
802    -0.6928552389
803    -0.7449848652
804    -0.7743452787
805    -0.7785395980
806    -0.7596650720
807    -0.7195192575
808    -0.6521102190
809    -0.5670250058
810    -0.4636644721
811    -0.3438261747
812    -0.2179959565
813    -0.0921657383
814    0.0237778164
815    0.1166524962
816    0.1822639704
817    0.2143207192
818    0.2107255608
819    0.1777700335
820    0.1184500754
821    0.0432515405
822    -0.0373397171
823    -0.1152346134
824    -0.1853400171
825    -0.2308785766
826    -0.2512510717
827    -0.2446599752
828    -0.2066113204
829    -0.1418986320
830    -0.0556150563
831    0.0420531556
832    0.1370250136
833    0.2233085930
834    0.2898188531
835    0.3386529386
836    0.3683129251
837    0.3790983856
838    0.3740052581
839    0.3581266701
840    0.3419485092
841    0.3308634460
842    0.3260699213
843    0.3290658891
844    0.3422481120
845    0.3572278917
846    0.3752036393
847    0.3841915131
848    0.3844910860
849    0.3689121306
850    0.3431468904
851    0.3068957925
852    0.2631548345
853    0.2164178789
854    0.1756728590
855    0.1364258230
856    0.1097617969
857    0.0878913030
858    0.0747090951
859    0.0651220307
860    0.0603284985
861    0.0555349663
862    0.0489438586
863    0.0369600281
864    0.0174863059
865    -0.0121736741
866    -0.0487243570
867    -0.0939633176
868    -0.1404006481
869    -0.1847408265
870    -0.2155991942
871    -0.2371700853
872    -0.2467571497
873    -0.2485547215
874    -0.2395668477
875    -0.2245870680
876    -0.1967246532
877    -0.1523844898
878    -0.0927649289
879    -0.0175663978
880    0.0663204119
881    0.1505068243
882    0.2155191004
883    0.2535677552
884    0.2619564235
885    0.2373895794
886    0.1858591139
887    0.1163529009
888    0.0375592224
889    -0.0397364832
890    -0.0993560404
891    -0.1398014575
892    -0.1454937756
893    -0.1164329946
894    -0.0631049499
895    0.0004093476
896    0.0582313277
897    0.0917860493
898    0.0827981755
899    0.0204822626
900    -0.0876718014
901    -0.2296801955
902    -0.3911623061
903    -0.5532435775
904    -0.6946527958
905    -0.8022076488
906    -0.8801025748
907    -0.9256411195
908    -0.9538031220
909    -0.9594954252
910    -0.9675845504
911    -0.9666857123
912    -0.9582970738
913    -0.9343293905
914    -0.8950823545
915    -0.8348636031
916    -0.7566691041
917    -0.6700859666
918    -0.5766120553
919    -0.4813406169
920    -0.3875671625
921    -0.2866033912
922    -0.1691618413
923    -0.0409348644
924    0.0965795815
925    0.2316972613
926    0.3452440500
927    0.4279324710
928    0.4557949007
929    0.4264345169
930    0.3365557790
931    0.1990413368
932    0.0207818579
933    -0.1598743796
934    -0.3270488083
935    -0.4588709474
936    -0.5409601927
937    -0.5727173090
938    -0.5622314811
939    -0.5334702730
940    -0.5032110810
941    -0.4936240315
942    -0.5274783373
943    -0.5993813276
944    -0.7141265273
945    -0.8624264002
946    -1.0269044638
947    -1.1799979210
948    -1.3127188683
949    -1.4082899094
950    -1.4658122063
951    -1.4825896025
952    -1.4736016989
953    -1.4433425665
954    -1.3978040218
955    -1.3399820328
956    -1.2626863718
957    -1.1554310322
958    -1.0125238895
959    -0.8339648247
960    -0.6296405196
961    -0.4079396725
962    -0.1898339540
963    0.0016077305
964    0.1529035866
965    0.2505717874
966    0.2952115536
967    0.2916164100
968    0.2469766438
969    0.1768712401
970    0.0893892869
971    -0.0037849930
972    -0.1023519933
973    -0.1955262721
974    -0.2898989320
975    -0.3743849397
976    -0.4510814548
977    -0.5145957470
978    -0.5559399724
979    -0.5781100392
980    -0.5742152929
981    -0.5478508472
982    -0.4954216182
983    -0.4184255004
984    -0.3126682043
985    -0.1835424453
986    -0.0304490142
987    0.1436161101
988    0.3317622542
989    0.5327910185
990    0.7377144694
991    0.9354476929
992    1.1262902021
993    1.2907682657
994    1.4282827377
995    1.5271493196
996    1.5891655684
997    1.6176272631
998    1.6206231117
999    1.6140320301
1000    1.6140320301
1001    1.6290118694
1002    1.6613681316
1003    1.7063075304
1004    1.7494493723
1005    1.7836033106
1006    1.7830040455
1007    1.7476518154
1008    1.6784451008
1009    1.5783801079
1010    1.4678293467
1011    1.3680639267
1012    1.2922662497
1013    1.2566143274
1014    1.2727924585
1015    1.3360072374
1016    1.4330762625
1017    1.5460238457
1018    1.6502830982
1019    1.7326719761
1020    1.7635303736
1021    1.7419594526
1022    1.6724532843
1023    1.5607039928
